0		28
1		7
2		45
3		18
4		100
5		14
6		35
7		87
8		40
9		38
10		10
11		81
12		37
13		34
14		84
15		28
16		43
17		30
18		80
19		25
20		53
21		58
22		25
23		24
24		30
25		89
26		23
27		92
28		66
29		81
30		87
31		89
32		94
33		80
34		38
35		80
36		100
37		85
38		10
39		65
40		51
41		45
42		49
43		63
44		30
45		50
46		88
47		19
48		57
49		96
50		79
51		91
52		56
53		33
54		71
55		22
56		53
57		100
58		"10"
59		28
60		53
61		65
62		74
63		86
64		87
65		43
66		13
67		84
68		11
69		61
70		"20"
71		71
72		74
73		82
74		99
75		84
76		27
77		65
78		9
79		63
80		82
81		5
82		66
83		54
84		10
85		83
86		60
87		94
88		94
89		54
90		80
91		99
92		36
93		33
94		81
95		60
96		82
97		58
98		56
99		65
100		66
101		4
102		50
103		75
104		4
105		42
106		50
107		52
108		71
109		84
110		48
111		46
112		3
113		36
114		35
115		9
116		78
117		36
118		68
119		60
120		47
121		41
122		9
123		42
124		58
125		9
126		98
127		56
128		34
129		4
130		23
131		80
132		10
133		98
134		91
135		3
136		97
137		82
138		7
139		16
140		95
141		72
142		59
143		71
144		30
145		40
146		95
147		41
148		59
149		28
150		99
151		2
152		96
153		92
154		36
155		28
156		42
157		8
158		99
159		82
160		77
161		53
162		61
163		50
164		47
165		96
166		85
167		93
168		36
169		68
170		5
171		80
172		96
173		41
174		83
175		71
176		46
177		66
178		9
179		59
180		100
181		59
182		50
183		34
184		67
185		81
186		81
187		29
188		59
189		32
190		2
191		27
192		29
193		80
194		99
195		53
196		53
197		61
198		91
199		26
200		53
201		69
202		31
203		54
204		54
205		19
206		79
207		100
208		68
209		37
210		36
211		46
212		41
213		55
214		93
215		63
216		100
217		76
218		88
219		99
220		33
221		71
222		74
223		74
224		37
225		32
226		12
227		22
228		36
229		2
230		86
231		61
232		5
233		10
234		99
235		72
236		5
237		5
238		2
239		99
240		30
241		24
242		85
243		61
244		89
245		78
246		58
247		93
248		47
249		17
250		6
251		28
252		41
253		40
254		86
255		90
256		3
257		46
258		93
259		6
260		69
261		30
262		90
263		80
264		37
265		20
266		1
267		5
268		56
269		65
270		76
271		11
272		93
273		56
274		52
275		43
276		48
277		1
278		80
279		9
280		80
281		40
282		11
283		13
284		89
285		39
286		89
287		87
288		91
289		6
290		47
291		41
292		63
293		3
294		80
295		28
296		88
297		59
298		23
299		86
300		39
301		60
302		84
303		12
304		33
305		57
306		48
307		57
308		13
309		49
310		64
311		89
312		35
313		33
314		27
315		4
316		57
317		62
318		14
319		62
320		51
321		34
322		48
323		18
324		3
325		39
326		52
327		52
328		49
329		77
330		23
331		31
332		42
333		61
334		33
335		52
336		76
337		57
338		19
339		91
340		1
341		87
342		50
343		91
344		8
345		92
346		83
347		62
348		72
349		22
350		92
351		37
352		46
353		4
354		17
355		11
356		2
357		34
358		19
359		16
360		47
361		6
362		63
363		84
364		49
365		26
366		6
367		71
368		43
369		22
370		7
371		54
372		23
373		57
374		49
375		33
376		62
377		8
378		7
379		43
380		70
381		90
382		23
383		4
384		63
385		28
386		65
387		21
388		100
389		22
390		18
391		77
392		20
393		5
394		64
395		38
396		18
397		81
398		44
399		84
400		14
401		28
402		17
403		36
404		6
405		2
406		11
407		23
408		1
409		30
410		84
411		32
412		27
413		10
414		37
415		69
416		97
417		14
418		94
419		15
420		62
421		52
422		99
423		78
424		7
425		70
426		42
427		44
428		34
429		21
430		15
431		53
432		52
433		53
434		13
435		80
436		83
437		44
438		77
439		19
440		88
441		38
442		93
443		18
444		98
445		94
446		99
447		36
448		87
449		10
450		18
451		81
452		81
453		22
454		30
455		11
456		74
457		56
458		2
459		70
460		10
461		81
462		94
463		75
464		17
465		25
466		92
467		94
468		100
469		96
470		9
471		10
472		3
473		41
474		33
475		11
476		8
477		86
478		50
479		77
480		15
481		40
482		54
483		90
484		44
485		79
486		73
487		55
488		67
489		29
490		99
491		39
492		98
493		92
494		68
495		12
496		52
497		57
498		5
499		66
500		100
501		1
502		3
503		64
504		65
505		93
506		89
507		74
508		28
509		36
510		13
511		45
512		19
513		43
514		75
515		4
516		89
517		13
518		68
519		9
520		38
521		26
522		13
523		18
524		56
525		11
526		66
527		42
528		23
529		44
530		13
531		24
532		87
533		6
534		47
535		10
536		24
537		22
538		47
539		20
540		85
541		80
542		48
543		35
544		51
545		28
546		36
547		49
548		8
549		47
550		80
551		99
552		12
553		2
554		21
555		45
556		89
557		23
558		1
559		18
560		13
561		3
562		17
563		6
564		16
565		74
566		62
567		6
568		2
569		53
570		99
571		55
572		100
573		4
574		92
575		11
576		13
577		78
578		6
579		15
580		64
581		78
582		100
583		77
584		86
585		33
586		78
587		80
588		65
589		56
590		42
591		56
592		26
593		37
594		48
595		60
596		70
597		44
598		60
599		80
600		88
601		9
602		26
603		5
604		6
605		63
606		99
607		71
608		14
609		23
610		65
611		31
612		7
613		64
614		50
615		36
616		22
617		98
618		81
619		57
620		25
621		32
622		79
623		45
624		92
625		74
626		75
627		59
628		70
629		10
630		57
631		92
632		100
633		18
634		17
635		28
636		59
637		1
638		61
639		51
640		56
641		66
642		28
643		93
644		83
645		46
646		33
647		3
648		78
649		93
650		24
651		71
652		87
653		86
654		93
655		42
656		15
657		31
658		68
659		81
660		99
661		13
662		66
663		24
664		35
665		40
666		86
667		39
668		89
669		65
670		98
671		8
672		1
673		40
674		29
675		88
676		93
677		36
678		71
679		56
680		61
681		38
682		57
683		58
684		8
685		17
686		85
687		25
688		55
689		73
690		25
691		100
692		18
693		35
694		9
695		16
696		66
697		70
698		20
699		81
700		18
701		1
702		44
703		84
704		32
705		28
706		15
707		73
708		59
709		15
710		7
711		54
712		77
713		79
714		86
715		16
716		40
717		97
718		69
719		3
720		68
721		28
722		15
723		43
724		41
725		27
726		7
727		34
728		7
729		23
730		72
731		74
732		21
733		16
734		28
735		49
736		37
737		86
738		44
739		21
740		65
741		39
742		46
743		75
744		29
745		43
746		98
747		13
748		100
749		21
750		95
751		89
752		57
753		78
754		72
755		96
756		7
757		86
758		56
759		55
760		48
761		76
762		2
763		1
764		19
765		41
766		63
767		77
768		73
769		84
770		19
771		66
772		6
773		67
774		98
775		95
776		81
777		32
778		93
779		2
780		18
781		81
782		73
783		45
784		41
785		32
786		4
787		75
788		95
789		52
790		100
791		32
792		29
793		98
794		48
795		52
796		29
797		16
798		17
799		51
800		90
801		31
802		30
803		61
804		28
805		74
806		50
807		72
808		58
809		41
810		62
811		46
812		22
813		58
814		25
815		89
816		31
817		29
818		17
819		66
820		11
821		37
822		72
823		66
824		14
825		86
826		52
827		25
828		26
829		80
830		49
831		19
832		48
833		49
834		97
835		23
836		36
837		88
838		98
839		91
840		66
841		97
842		4
843		94
844		55
845		75
846		42
847		56
848		94
849		61
850		39
851		32
852		99
853		61
854		88
855		76
856		95
857		16
858		91
859		56
860		24
861		1
862		44
863		5
864		32
865		8
866		35
867		8
868		91
869		88
870		68
871		63
872		61
873		24
874		75
875		9
876		84
877		94
878		50
879		49
880		77
881		55
882		94
883		56
884		37
885		60
886		81
887		1
888		70
889		18
890		15
891		31
892		67
893		94
894		71
895		20
896		13
897		34
898		50
899		84
900		90
901		53
902		35
903		33
904		18
905		54
906		19
907		14
908		51
909		46
910		41
911		78
912		97
913		92
914		83
915		42
916		3
917		66
918		23
919		23
920		1
921		85
922		43
923		12
924		84
925		56
926		84
927		3
928		9
929		29
930		94
931		65
932		76
933		93
934		22
935		44
936		74
937		100
938		88
939		64
940		36
941		72
942		96
943		38
944		79
945		16
946		60
947		89
948		38
949		100
950		78
951		7
952		78
953		69
954		29
955		31
956		73
957		98
958		60
959		15
960		57
961		1
962		96
963		46
964		59
965		47
966		29
967		1
968		9
969		12
970		19
971		35
972		91
973		24
974		64
975		28
976		60
977		3
978		96
979		85
980		77
981		8
982		50
983		34
984		90
985		91
986		13
987		66
988		13
989		40
990		23
991		84
992		97
993		38
994		25
995		61
996		22
997		13
998		68
999		27
1000		18
1001		73
1002		23
1003		67
1004		25
1005		24
1006		41
1007		51
1008		43
1009		93
1010		85
1011		84
1012		83
1013		58
1014		32
1015		51
1016		24
1017		68
1018		6
1019		56
1020		4
1021		98
1022		11
1023		54
1024		25
1025		12
1026		96
1027		35
1028		10
1029		51
1030		40
1031		65
1032		7
1033		79
1034		61
1035		45
1036		60
1037		100
1038		92
1039		73
1040		74
1041		76
1042		88
1043		40
1044		21
1045		13
1046		78
1047		81
1048		27
1049		19
1050		28
1051		77
1052		42
1053		11
1054		17
1055		56
1056		34
1057		72
1058		75
1059		66
1060		73
1061		23
1062		68
1063		24
1064		73
1065		85
1066		3
1067		8
1068		95
1069		94
1070		65
1071		80
1072		54
1073		13
1074		75
1075		62
1076		36
1077		41
1078		68
1079		16
1080		25
1081		74
1082		35
1083		17
1084		90
1085		77
1086		75
1087		84
1088		72
1089		24
1090		11
1091		67
1092		90
1093		83
1094		58
1095		50
1096		95
1097		86
1098		89
1099		100
1100		68
1101		24
1102		17
1103		40
1104		74
1105		29
1106		33
1107		53
1108		37
1109		98
1110		62
1111		37
1112		73
1113		75
1114		23
1115		11
1116		39
1117		25
1118		86
1119		26
1120		5
1121		16
1122		29
1123		25
1124		96
1125		99
1126		12
1127		91
1128		68
1129		68
1130		51
1131		87
1132		66
1133		2
1134		53
1135		41
1136		73
1137		54
1138		44
1139		70
1140		34
1141		65
1142		99
1143		86
1144		59
1145		6
1146		76
1147		72
1148		79
1149		97
1150		89
1151		22
1152		32
1153		31
1154		57
1155		82
1156		14
1157		31
1158		50
1159		24
1160		21
1161		94
1162		46
1163		41
1164		6
1165		41
1166		88
1167		62
1168		1
1169		31
1170		47
1171		13
1172		13
1173		82
1174		12
1175		96
1176		34
1177		64
1178		12
1179		9
1180		82
1181		81
1182		98
1183		90
1184		88
1185		56
1186		51
1187		11
1188		4
1189		99
1190		100
1191		72
1192		70
1193		34
1194		94
1195		85
1196		77
1197		24
1198		86
1199		46
1200		31
1201		52
1202		48
1203		1
1204		80
1205		45
1206		27
1207		32
1208		33
1209		3
1210		69
1211		83
1212		56
1213		62
1214		62
1215		35
1216		51
1217		53
1218		45
1219		48
1220		44
1221		76
1222		77
1223		4
1224		72
1225		3
1226		61
1227		8
1228		3
1229		17
1230		19
1231		88
1232		76
1233		64
1234		83
1235		23
1236		24
1237		70
1238		61
1239		95
1240		16
1241		20
1242		44
1243		100
1244		92
1245		96
1246		46
1247		75
1248		47
1249		40
1250		15
1251		56
1252		53
1253		54
1254		46
1255		89
1256		78
1257		73
1258		93
1259		52
1260		80
1261		61
1262		64
1263		61
1264		28
1265		40
1266		2
1267		28
1268		13
1269		76
1270		22
1271		55
1272		94
1273		8
1274		94
1275		95
1276		8
1277		18
1278		30
1279		41
1280		6
1281		64
1282		80
1283		72
1284		25
1285		95
1286		3
1287		74
1288		35
1289		96
1290		82
1291		31
1292		27
1293		46
1294		61
1295		91
1296		65
1297		51
1298		53
1299		92
1300		29
1301		2
1302		90
1303		49
1304		90
1305		10
1306		70
1307		4
1308		85
1309		28
1310		61
1311		48
1312		23
1313		52
1314		91
1315		69
1316		40
1317		91
1318		57
1319		39
1320		93
1321		8
1322		72
1323		97
1324		83
1325		21
1326		34
1327		61
1328		24
1329		85
1330		39
1331		86
1332		73
1333		35
1334		44
1335		27
1336		54
1337		2
1338		23
1339		91
1340		3
1341		32
1342		34
1343		40
1344		58
1345		37
1346		34
1347		74
1348		70
1349		26
1350		6
1351		34
1352		21
1353		61
1354		40
1355		56
1356		41
1357		76
1358		46
1359		100
1360		21
1361		60
1362		70
1363		85
1364		10
1365		94
1366		99
1367		38
1368		28
1369		10
1370		97
1371		11
1372		45
1373		25
1374		18
1375		66
1376		40
1377		26
1378		64
1379		90
1380		15
1381		36
1382		74
1383		92
1384		47
1385		9
1386		69
1387		55
1388		32
1389		2
1390		28
1391		23
1392		71
1393		67
1394		30
1395		30
1396		87
1397		86
1398		22
1399		36
1400		91
1401		78
1402		2
1403		91
1404		66
1405		62
1406		66
1407		16
1408		3
1409		15
1410		6
1411		63
1412		13
1413		84
1414		89
1415		21
1416		50
1417		56
1418		100
1419		36
1420		5
1421		49
1422		61
1423		9
1424		73
1425		23
1426		36
1427		85
1428		91
1429		36
1430		88
1431		98
1432		86
1433		81
1434		61
1435		84
1436		27
1437		19
1438		45
1439		81
1440		29
1441		41
1442		85
1443		57
1444		54
1445		22
1446		11
1447		15
1448		58
1449		26
1450		70
1451		42
1452		5
1453		14
1454		99
1455		58
1456		19
1457		20
1458		74
1459		45
1460		53
1461		42
1462		58
1463		49
1464		95
1465		58
1466		43
1467		88
1468		53
1469		3
1470		50
1471		50
1472		1
1473		12
1474		97
1475		4
1476		97
1477		21
1478		2
1479		64
1480		93
1481		42
1482		30
1483		16
1484		5
1485		77
1486		38
1487		76
1488		72
1489		32
1490		11
1491		70
1492		38
1493		4
1494		92
1495		11
1496		40
1497		76
1498		26
1499		73
1500		46
1501		9
1502		81
1503		38
1504		64
1505		89
1506		51
1507		20
1508		96
1509		30
1510		91
1511		46
1512		10
1513		63
1514		14
1515		49
1516		39
1517		11
1518		69
1519		22
1520		63
1521		90
1522		52
1523		83
1524		92
1525		32
1526		41
1527		92
1528		35
1529		1
1530		40
1531		91
1532		23
1533		75
1534		24
1535		18
1536		86
1537		70
1538		72
1539		1
1540		37
1541		76
1542		17
1543		31
1544		39
1545		61
1546		6
1547		54
1548		45
1549		60
1550		99
1551		52
1552		6
1553		11
1554		24
1555		7
1556		32
1557		16
1558		47
1559		28
1560		62
1561		93
1562		97
1563		16
1564		62
1565		13
1566		26
1567		40
1568		26
1569		74
1570		11
1571		13
1572		66
1573		84
1574		29
1575		15
1576		12
1577		43
1578		65
1579		6
1580		41
1581		93
1582		80
1583		87
1584		1
1585		42
1586		72
1587		14
1588		49
1589		6
1590		87
1591		68
1592		99
1593		97
1594		82
1595		13
1596		62
1597		92
1598		93
1599		54
1600		23
1601		75
1602		74
1603		53
1604		41
1605		5
1606		80
1607		18
1608		88
1609		55
1610		55
1611		76
1612		96
1613		68
1614		92
1615		13
1616		16
1617		86
1618		73
1619		27
1620		27
1621		20
1622		74
1623		25
1624		70
1625		6
1626		34
1627		2
1628		91
1629		27
1630		100
1631		24
1632		34
1633		74
1634		7
1635		90
1636		8
1637		84
1638		1
1639		22
1640		86
1641		39
1642		4
1643		64
1644		63
1645		95
1646		18
1647		91
1648		99
1649		16
1650		47
1651		18
1652		45
1653		8
1654		13
1655		83
1656		30
1657		38
1658		1
1659		99
1660		53
1661		88
1662		100
1663		51
1664		12
1665		18
1666		25
1667		68
1668		59
1669		5
1670		98
1671		15
1672		50
1673		70
1674		81
1675		54
1676		24
1677		45
1678		61
1679		37
1680		57
1681		61
1682		37
1683		34
1684		10
1685		69
1686		78
1687		82
1688		72
1689		37
1690		22
1691		23
1692		99
1693		83
1694		76
1695		46
1696		67
1697		24
1698		100
1699		94
1700		13
1701		2
1702		71
1703		92
1704		79
1705		49
1706		22
1707		2
1708		34
1709		50
1710		3
1711		98
1712		77
1713		52
1714		84
1715		74
1716		6
1717		21
1718		18
1719		66
1720		37
1721		65
1722		54
1723		40
1724		72
1725		49
1726		45
1727		24
1728		69
1729		46
1730		69
1731		30
1732		89
1733		23
1734		72
1735		74
1736		9
1737		18
1738		93
1739		100
1740		83
1741		9
1742		28
1743		97
1744		44
1745		67
1746		51
1747		78
1748		100
1749		17
1750		73
1751		46
1752		70
1753		60
1754		48
1755		27
1756		11
1757		12
1758		41
1759		46
1760		100
1761		84
1762		95
1763		85
1764		96
1765		72
1766		78
1767		86
1768		35
1769		57
1770		9
1771		27
1772		37
1773		18
1774		3
1775		88
1776		23
1777		69
1778		77
1779		52
1780		31
1781		39
1782		93
1783		61
1784		10
1785		98
1786		2
1787		26
1788		63
1789		60
1790		88
1791		34
1792		37
1793		68
1794		17
1795		23
1796		3
1797		81
1798		59
1799		35
1800		36
1801		99
1802		95
1803		72
1804		75
1805		34
1806		51
1807		60
1808		4
1809		74
1810		26
1811		74
1812		46
1813		75
1814		48
1815		2
1816		48
1817		27
1818		41
1819		78
1820		45
1821		9
1822		20
1823		12
1824		74
1825		66
1826		30
1827		41
1828		27
1829		80
1830		72
1831		95
1832		51
1833		38
1834		47
1835		33
1836		6
1837		34
1838		30
1839		33
1840		26
1841		88
1842		11
1843		64
1844		3
1845		79
1846		29
1847		65
1848		10
1849		56
1850		45
1851		24
1852		97
1853		34
1854		18
1855		47
1856		83
1857		30
1858		20
1859		82
1860		34
1861		21
1862		71
1863		54
1864		70
1865		49
1866		7
1867		44
1868		94
1869		26
1870		20
1871		77
1872		60
1873		74
1874		9
1875		96
1876		88
1877		92
1878		49
1879		71
1880		63
1881		62
1882		3
1883		89
1884		12
1885		93
1886		70
1887		86
1888		5
1889		63
1890		42
1891		92
1892		23
1893		93
1894		27
1895		27
1896		30
1897		18
1898		21
1899		98
1900		67
1901		21
1902		26
1903		26
1904		3
1905		3
1906		61
1907		51
1908		92
1909		23
1910		33
1911		17
1912		76
1913		9
1914		76
1915		23
1916		81
1917		30
1918		39
1919		53
1920		69
1921		58
1922		26
1923		16
1924		43
1925		48
1926		85
1927		37
1928		5
1929		6
1930		89
1931		85
1932		91
1933		67
1934		49
1935		94
1936		6
1937		52
1938		76
1939		79
1940		48
1941		76
1942		92
1943		54
1944		35
1945		74
1946		2
1947		61
1948		99
1949		97
1950		81
1951		5
1952		15
1953		9
1954		78
1955		92
1956		19
1957		9
1958		71
1959		74
1960		72
1961		58
1962		10
1963		94
1964		18
1965		54
1966		11
1967		53
1968		53
1969		11
1970		44
1971		65
1972		100
1973		42
1974		33
1975		66
1976		22
1977		74
1978		23
1979		9
1980		32
1981		39
1982		44
1983		50
1984		71
1985		96
1986		7
1987		10
1988		43
1989		49
1990		25
1991		3
1992		94
1993		70
1994		49
1995		1
1996		26
1997		93
1998		16
1999		93
2000		87
2001		98
2002		34
2003		32
2004		64
2005		63
2006		51
2007		20
2008		50
2009		69
2010		81
2011		14
2012		76
2013		42
2014		30
2015		9
2016		46
2017		20
2018		84
2019		64
2020		43
2021		91
2022		56
2023		82
2024		18
2025		51
2026		68
2027		39
2028		96
2029		14
2030		74
2031		1
2032		25
2033		100
2034		36
2035		66
2036		10
2037		62
2038		55
2039		55
2040		8
2041		68
2042		57
2043		17
2044		19
2045		86
2046		19
2047		49
2048		27
2049		29
2050		17
2051		30
2052		46
2053		64
2054		2
2055		22
2056		42
2057		18
2058		75
2059		63
2060		19
2061		80
2062		30
2063		73
2064		70
2065		100
2066		50
2067		15
2068		69
2069		94
2070		69
2071		75
2072		60
2073		13
2074		10
2075		12
2076		68
2077		98
2078		68
2079		6
2080		92
2081		61
2082		12
2083		21
2084		28
2085		96
2086		71
2087		66
2088		81
2089		33
2090		85
2091		20
2092		36
2093		66
2094		97
2095		5
2096		51
2097		77
2098		100
2099		41
2100		67
2101		53
2102		23
2103		93
2104		5
2105		36
2106		52
2107		33
2108		78
2109		95
2110		66
2111		64
2112		61
2113		28
2114		77
2115		65
2116		82
2117		55
2118		64
2119		43
2120		42
2121		34
2122		75
2123		85
2124		48
2125		23
2126		75
2127		52
2128		11
2129		1
2130		30
2131		18
2132		53
2133		52
2134		38
2135		1
2136		25
2137		3
2138		65
2139		74
2140		72
2141		17
2142		5
2143		4
2144		9
2145		2
2146		89
2147		60
2148		69
2149		89
2150		91
2151		64
2152		52
2153		70
2154		95
2155		6
2156		64
2157		57
2158		26
2159		57
2160		34
2161		2
2162		24
2163		29
2164		54
2165		15
2166		87
2167		13
2168		77
2169		51
2170		94
2171		68
2172		74
2173		58
2174		94
2175		12
2176		87
2177		1
2178		24
2179		93
2180		13
2181		8
2182		79
2183		88
2184		91
2185		81
2186		49
2187		83
2188		85
2189		83
2190		42
2191		76
2192		99
2193		100
2194		1
2195		41
2196		28
2197		63
2198		66
2199		35
2200		19
2201		89
2202		73
2203		37
2204		36
2205		48
2206		23
2207		88
2208		77
2209		25
2210		25
2211		18
2212		71
2213		22
2214		46
2215		59
2216		39
2217		74
2218		85
2219		26
2220		10
2221		95
2222		39
2223		42
2224		62
2225		96
2226		59
2227		42
2228		62
2229		73
2230		68
2231		30
2232		26
2233		94
2234		26
2235		46
2236		56
2237		44
2238		42
2239		43
2240		93
2241		95
2242		96
2243		53
2244		20
2245		30
2246		70
2247		60
2248		29
2249		55
2250		23
2251		18
2252		16
2253		47
2254		54
2255		35
2256		31
2257		90
2258		46
2259		7
2260		97
2261		87
2262		46
2263		34
2264		74
2265		56
2266		27
2267		87
2268		68
2269		70
2270		7
2271		34
2272		21
2273		38
2274		7
2275		94
2276		76
2277		36
2278		32
2279		9
2280		96
2281		11
2282		80
2283		31
2284		22
2285		40
2286		6
2287		67
2288		35
2289		81
2290		6
2291		42
2292		61
2293		12
2294		77
2295		44
2296		50
2297		37
2298		58
2299		79
2300		26
2301		100
2302		62
2303		90
2304		47
2305		39
2306		91
2307		25
2308		45
2309		62
2310		36
2311		26
2312		64
2313		21
2314		81
2315		87
2316		73
2317		9
2318		27
2319		47
2320		23
2321		61
2322		19
2323		41
2324		19
2325		100
2326		62
2327		38
2328		38
2329		6
2330		30
2331		25
2332		89
2333		22
2334		21
2335		44
2336		69
2337		65
2338		15
2339		16
2340		30
2341		78
2342		56
2343		41
2344		24
2345		33
2346		33
2347		74
2348		93
2349		12
2350		60
2351		18
2352		72
2353		62
2354		96
2355		4
2356		46
2357		34
2358		87
2359		91
2360		25
2361		23
2362		5
2363		5
2364		69
2365		61
2366		44
2367		44
2368		97
2369		6
2370		57
2371		51
2372		7
2373		64
2374		96
2375		52
2376		90
2377		34
2378		93
2379		63
2380		79
2381		40
2382		47
2383		68
2384		74
2385		25
2386		75
2387		24
2388		63
2389		90
2390		52
2391		96
2392		43
2393		44
2394		16
2395		8
2396		59
2397		17
2398		6
2399		69
2400		22
2401		20
2402		87
2403		28
2404		25
2405		81
2406		38
2407		26
2408		74
2409		33
2410		32
2411		9
2412		82
2413		83
2414		13
2415		61
2416		43
2417		20
2418		45
2419		57
2420		4
2421		75
2422		6
2423		21
2424		18
2425		3
2426		21
2427		22
2428		1
2429		88
2430		34
2431		24
2432		40
2433		86
2434		84
2435		82
2436		89
2437		52
2438		96
2439		58
2440		83
2441		94
2442		75
2443		25
2444		42
2445		72
2446		21
2447		100
2448		33
2449		29
2450		59
2451		69
2452		21
2453		59
2454		62
2455		95
2456		88
2457		7
2458		14
2459		58
2460		49
2461		28
2462		40
2463		71
2464		87
2465		65
2466		99
2467		39
2468		62
2469		32
2470		100
2471		96
2472		74
2473		66
2474		47
2475		33
2476		88
2477		4
2478		42
2479		94
2480		93
2481		13
2482		9
2483		40
2484		24
2485		64
2486		16
2487		43
2488		60
2489		33
2490		88
2491		56
2492		32
2493		19
2494		63
2495		16
2496		61
2497		56
2498		22
2499		23
2500		12
2501		89
2502		62
2503		74
2504		100
2505		47
2506		34
2507		60
2508		43
2509		44
2510		46
2511		15
2512		63
2513		54
2514		92
2515		100
2516		57
2517		52
2518		90
2519		55
2520		32
2521		61
2522		58
2523		75
2524		22
2525		41
2526		27
2527		20
2528		91
2529		42
2530		50
2531		92
2532		29
2533		81
2534		6
2535		44
2536		91
2537		79
2538		43
2539		53
2540		50
2541		51
2542		92
2543		48
2544		47
2545		71
2546		69
2547		43
2548		36
2549		97
2550		19
2551		73
2552		57
2553		50
2554		47
2555		88
2556		98
2557		92
2558		13
2559		67
2560		23
2561		78
2562		75
2563		90
2564		58
2565		15
2566		26
2567		68
2568		35
2569		44
2570		62
2571		66
2572		69
2573		35
2574		13
2575		31
2576		34
2577		27
2578		97
2579		97
2580		28
2581		39
2582		54
2583		70
2584		14
2585		76
2586		80
2587		100
2588		92
2589		48
2590		85
2591		19
2592		49
2593		7
2594		46
2595		89
2596		1
2597		55
2598		92
2599		27
2600		84
2601		17
2602		70
2603		49
2604		92
2605		35
2606		68
2607		96
2608		32
2609		61
2610		86
2611		53
2612		44
2613		5
2614		97
2615		43
2616		66
2617		29
2618		81
2619		49
2620		31
2621		21
2622		4
2623		11
2624		45
2625		77
2626		91
2627		38
2628		7
2629		9
2630		38
2631		12
2632		43
2633		75
2634		55
2635		78
2636		5
2637		12
2638		73
2639		45
2640		7
2641		41
2642		9
2643		36
2644		48
2645		40
2646		87
2647		69
2648		71
2649		53
2650		29
2651		88
2652		76
2653		54
2654		9
2655		40
2656		11
2657		22
2658		64
2659		22
2660		86
2661		79
2662		71
2663		36
2664		49
2665		92
2666		69
2667		51
2668		66
2669		77
2670		32
2671		19
2672		40
2673		10
2674		62
2675		33
2676		23
2677		16
2678		50
2679		28
2680		32
2681		28
2682		56
2683		84
2684		87
2685		37
2686		86
2687		100
2688		29
2689		61
2690		1
2691		45
2692		16
2693		32
2694		42
2695		92
2696		26
2697		11
2698		8
2699		15
2700		23
2701		29
2702		42
2703		77
2704		61
2705		74
2706		42
2707		46
2708		86
2709		56
2710		60
2711		10
2712		64
2713		82
2714		8
2715		64
2716		94
2717		1
2718		31
2719		77
2720		79
2721		4
2722		58
2723		99
2724		59
2725		56
2726		89
2727		67
2728		25
2729		29
2730		1
2731		54
2732		92
2733		75
2734		70
2735		19
2736		74
2737		74
2738		60
2739		98
2740		1
2741		70
2742		92
2743		59
2744		76
2745		13
2746		91
2747		38
2748		1
2749		56
2750		89
2751		89
2752		38
2753		43
2754		30
2755		40
2756		80
2757		49
2758		1
2759		66
2760		14
2761		89
2762		90
2763		5
2764		58
2765		62
2766		41
2767		11
2768		41
2769		11
2770		50
2771		76
2772		81
2773		5
2774		71
2775		7
2776		65
2777		12
2778		10
2779		35
2780		68
2781		17
2782		35
2783		54
2784		20
2785		86
2786		12
2787		11
2788		36
2789		46
2790		60
2791		9
2792		30
2793		41
2794		32
2795		28
2796		7
2797		65
2798		14
2799		85
2800		99
2801		64
2802		14
2803		56
2804		26
2805		80
2806		18
2807		19
2808		57
2809		4
2810		86
2811		76
2812		53
2813		47
2814		24
2815		12
2816		43
2817		54
2818		9
2819		68
2820		76
2821		51
2822		64
2823		95
2824		50
2825		71
2826		59
2827		39
2828		88
2829		7
2830		90
2831		6
2832		87
2833		2
2834		27
2835		77
2836		87
2837		91
2838		71
2839		42
2840		72
2841		56
2842		60
2843		85
2844		20
2845		66
2846		86
2847		93
2848		18
2849		4
2850		93
2851		24
2852		45
2853		43
2854		11
2855		34
2856		78
2857		14
2858		30
2859		77
2860		93
2861		83
2862		52
2863		83
2864		78
2865		57
2866		84
2867		4
2868		63
2869		55
2870		61
2871		52
2872		69
2873		13
2874		27
2875		65
2876		85
2877		100
2878		17
2879		42
2880		61
2881		73
2882		41
2883		6
2884		84
2885		32
2886		23
2887		6
2888		61
2889		65
2890		54
2891		15
2892		12
2893		49
2894		95
2895		17
2896		66
2897		11
2898		46
2899		91
2900		33
2901		33
2902		45
2903		29
2904		51
2905		24
2906		69
2907		30
2908		1
2909		16
2910		26
2911		89
2912		36
2913		96
2914		28
2915		42
2916		74
2917		45
2918		10
2919		31
2920		24
2921		5
2922		72
2923		69
2924		7
2925		88
2926		85
2927		54
2928		59
2929		50
2930		46
2931		68
2932		62
2933		25
2934		59
2935		16
2936		64
2937		82
2938		52
2939		98
2940		41
2941		75
2942		16
2943		98
2944		75
2945		81
2946		23
2947		70
2948		16
2949		68
2950		64
2951		87
2952		44
2953		95
2954		4
2955		34
2956		23
2957		78
2958		33
2959		89
2960		51
2961		21
2962		55
2963		82
2964		60
2965		49
2966		13
2967		13
2968		60
2969		95
2970		30
2971		58
2972		20
2973		12
2974		41
2975		66
2976		95
2977		91
2978		83
2979		26
2980		95
2981		41
2982		13
2983		20
2984		12
2985		4
2986		14
2987		9
2988		65
2989		9
2990		17
2991		10
2992		83
2993		69
2994		77
2995		44
2996		13
2997		70
2998		1
2999		94
3000		13
3001		46
3002		1
3003		25
3004		33
3005		78
3006		92
3007		75
3008		17
3009		32
3010		18
3011		32
3012		18
3013		57
3014		78
3015		45
3016		55
3017		71
3018		58
3019		71
3020		40
3021		28
3022		93
3023		28
3024		15
3025		59
3026		60
3027		73
3028		25
3029		64
3030		55
3031		98
3032		64
3033		65
3034		84
3035		77
3036		100
3037		18
3038		51
3039		18
3040		14
3041		45
3042		71
3043		96
3044		71
3045		20
3046		23
3047		15
3048		52
3049		13
3050		34
3051		11
3052		8
3053		79
3054		22
3055		3
3056		46
3057		22
3058		47
3059		29
3060		100
3061		61
3062		39
3063		20
3064		77
3065		54
3066		3
3067		28
3068		15
3069		72
3070		99
3071		63
3072		19
3073		82
3074		97
3075		78
3076		73
3077		52
3078		99
3079		85
3080		2
3081		74
3082		59
3083		90
3084		27
3085		66
3086		2
3087		97
3088		7
3089		97
3090		69
3091		21
3092		97
3093		50
3094		73
3095		5
3096		32
3097		39
3098		56
3099		98
3100		84
3101		79
3102		42
3103		61
3104		1
3105		35
3106		60
3107		82
3108		13
3109		2
3110		46
3111		71
3112		93
3113		13
3114		40
3115		73
3116		69
3117		29
3118		18
3119		80
3120		31
3121		28
3122		45
3123		80
3124		30
3125		99
3126		2
3127		68
3128		88
3129		94
3130		37
3131		49
3132		95
3133		84
3134		45
3135		79
3136		55
3137		5
3138		9
3139		80
3140		9
3141		24
3142		74
3143		76
3144		67
3145		9
3146		73
3147		77
3148		42
3149		99
3150		1
3151		86
3152		48
3153		13
3154		85
3155		26
3156		99
3157		78
3158		28
3159		7
3160		33
3161		77
3162		30
3163		56
3164		30
3165		38
3166		50
3167		50
3168		72
3169		9
3170		21
3171		34
3172		30
3173		97
3174		69
3175		31
3176		27
3177		23
3178		61
3179		67
3180		95
3181		42
3182		71
3183		52
3184		25
3185		12
3186		55
3187		18
3188		88
3189		30
3190		62
3191		31
3192		7
3193		20
3194		32
3195		73
3196		39
3197		78
3198		19
3199		99
3200		69
3201		84
3202		51
3203		39
3204		34
3205		60
3206		20
3207		25
3208		84
3209		58
3210		59
3211		58
3212		25
3213		28
3214		86
3215		28
3216		69
3217		28
3218		40
3219		41
3220		66
3221		66
3222		17
3223		8
3224		99
3225		49
3226		69
3227		87
3228		19
3229		91
3230		77
3231		53
3232		66
3233		45
3234		8
3235		33
3236		64
3237		68
3238		28
3239		29
3240		69
3241		72
3242		95
3243		42
3244		7
3245		81
3246		17
3247		100
3248		77
3249		7
3250		63
3251		89
3252		4
3253		14
3254		99
3255		37
3256		71
3257		73
3258		61
3259		51
3260		11
3261		88
3262		13
3263		53
3264		32
3265		67
3266		2
3267		3
3268		2
3269		62
3270		27
3271		55
3272		92
3273		37
3274		72
3275		84
3276		74
3277		31
3278		51
3279		45
3280		88
3281		79
3282		5
3283		45
3284		57
3285		17
3286		6
3287		39
3288		27
3289		80
3290		64
3291		37
3292		68
3293		96
3294		61
3295		17
3296		72
3297		53
3298		87
3299		72
3300		94
3301		64
3302		20
3303		3
3304		4
3305		3
3306		20
3307		47
3308		93
3309		81
3310		1
3311		50
3312		96
3313		3
3314		9
3315		57
3316		93
3317		33
3318		36
3319		27
3320		75
3321		5
3322		73
3323		3
3324		77
3325		50
3326		35
3327		80
3328		94
3329		11
3330		28
3331		60
3332		60
3333		5
3334		100
3335		30
3336		62
3337		17
3338		37
3339		60
3340		30
3341		64
3342		78
3343		14
3344		92
3345		71
3346		44
3347		85
3348		93
3349		89
3350		93
3351		26
3352		2
3353		95
3354		25
3355		27
3356		61
3357		99
3358		58
3359		94
3360		48
3361		80
3362		27
3363		63
3364		21
3365		67
3366		30
3367		53
3368		24
3369		97
3370		61
3371		32
3372		86
3373		61
3374		48
3375		93
3376		77
3377		41
3378		59
3379		32
3380		4
3381		40
3382		57
3383		58
3384		84
3385		82
3386		76
3387		24
3388		80
3389		26
3390		5
3391		83
3392		12
3393		86
3394		56
3395		3
3396		10
3397		78
3398		12
3399		18
3400		63
3401		56
3402		71
3403		12
3404		17
3405		20
3406		8
3407		9
3408		13
3409		81
3410		92
3411		32
3412		38
3413		75
3414		57
3415		75
3416		57
3417		83
3418		59
3419		34
3420		35
3421		39
3422		52
3423		88
3424		6
3425		35
3426		12
3427		72
3428		26
3429		87
3430		67
3431		28
3432		95
3433		34
3434		18
3435		21
3436		19
3437		22
3438		83
3439		83
3440		10
3441		1
3442		29
3443		62
3444		19
3445		10
3446		15
3447		4
3448		15
3449		42
3450		80
3451		93
3452		69
3453		78
3454		19
3455		1
3456		85
3457		93
3458		87
3459		28
3460		5
3461		3
3462		13
3463		52
3464		98
3465		90
3466		9
3467		76
3468		18
3469		33
3470		22
3471		20
3472		83
3473		12
3474		100
3475		15
3476		47
3477		27
3478		49
3479		44
3480		36
3481		43
3482		94
3483		89
3484		33
3485		5
3486		18
3487		65
3488		56
3489		61
3490		78
3491		75
3492		60
3493		50
3494		25
3495		64
3496		79
3497		60
3498		57
3499		24
3500		64
3501		75
3502		54
3503		26
3504		17
3505		50
3506		38
3507		79
3508		31
3509		60
3510		99
3511		54
3512		73
3513		7
3514		45
3515		16
3516		78
3517		90
3518		36
3519		5
3520		75
3521		79
3522		52
3523		74
3524		31
3525		79
3526		31
3527		54
3528		89
3529		65
3530		84
3531		17
3532		80
3533		95
3534		48
3535		98
3536		14
3537		39
3538		75
3539		1
3540		57
3541		77
3542		23
3543		28
3544		84
3545		21
3546		88
3547		99
3548		8
3549		61
3550		6
3551		82
3552		62
3553		72
3554		91
3555		36
3556		90
3557		33
3558		11
3559		48
3560		4
3561		90
3562		32
3563		49
3564		83
3565		63
3566		96
3567		12
3568		61
3569		45
3570		5
3571		42
3572		35
3573		32
3574		4
3575		85
3576		22
3577		59
3578		85
3579		10
3580		57
3581		5
3582		79
3583		91
3584		30
3585		74
3586		10
3587		32
3588		37
3589		32
3590		68
3591		33
3592		64
3593		61
3594		9
3595		16
3596		4
3597		67
3598		64
3599		20
3600		67
3601		26
3602		64
3603		74
3604		42
3605		94
3606		86
3607		91
3608		52
3609		38
3610		29
3611		35
3612		4
3613		41
3614		73
3615		57
3616		96
3617		76
3618		97
3619		37
3620		55
3621		50
3622		90
3623		6
3624		59
3625		33
3626		87
3627		29
3628		57
3629		61
3630		33
3631		88
3632		48
3633		84
3634		68
3635		44
3636		41
3637		93
3638		75
3639		79
3640		21
3641		46
3642		84
3643		90
3644		72
3645		53
3646		25
3647		51
3648		92
3649		21
3650		28
3651		11
3652		8
3653		31
3654		15
3655		71
3656		80
3657		93
3658		80
3659		74
3660		18
3661		4
3662		99
3663		32
3664		24
3665		3
3666		18
3667		63
3668		87
3669		33
3670		69
3671		92
3672		64
3673		90
3674		80
3675		76
3676		10
3677		6
3678		44
3679		55
3680		51
3681		97
3682		9
3683		26
3684		21
3685		6
3686		53
3687		78
3688		82
3689		62
3690		38
3691		3
3692		67
3693		73
3694		100
3695		35
3696		9
3697		24
3698		85
3699		75
3700		100
3701		12
3702		79
3703		51
3704		34
3705		88
3706		6
3707		36
3708		47
3709		61
3710		89
3711		37
3712		78
3713		98
3714		11
3715		58
3716		54
3717		38
3718		19
3719		60
3720		8
3721		86
3722		68
3723		6
3724		25
3725		35
3726		91
3727		79
3728		91
3729		9
3730		55
3731		52
3732		42
3733		76
3734		40
3735		96
3736		51
3737		91
3738		3
3739		68
3740		11
3741		86
3742		71
3743		84
3744		47
3745		37
3746		93
3747		8
3748		52
3749		78
3750		32
3751		1
3752		71
3753		95
3754		5
3755		96
3756		3
3757		73
3758		75
3759		72
3760		72
3761		46
3762		76
3763		18
3764		1
3765		47
3766		65
3767		24
3768		62
3769		23
3770		12
3771		50
3772		33
3773		11
3774		4
3775		37
3776		26
3777		15
3778		71
3779		9
3780		34
3781		67
3782		64
3783		84
3784		100
3785		5
3786		47
3787		96
3788		29
3789		2
3790		60
3791		73
3792		71
3793		40
3794		61
3795		64
3796		11
3797		2
3798		75
3799		96
3800		8
3801		60
3802		20
3803		56
3804		96
3805		80
3806		2
3807		65
3808		36
3809		81
3810		55
3811		68
3812		30
3813		80
3814		79
3815		4
3816		54
3817		38
3818		88
3819		75
3820		15
3821		5
3822		77
3823		55
3824		43
3825		27
3826		67
3827		27
3828		71
3829		92
3830		38
3831		65
3832		60
3833		97
3834		45
3835		4
3836		83
3837		41
3838		89
3839		32
3840		85
3841		95
3842		13
3843		18
3844		99
3845		98
3846		41
3847		69
3848		79
3849		45
3850		100
3851		23
3852		58
3853		36
3854		80
3855		6
3856		86
3857		82
3858		71
3859		72
3860		79
3861		76
3862		75
3863		12
3864		38
3865		97
3866		34
3867		47
3868		60
3869		9
3870		3
3871		18
3872		26
3873		98
3874		55
3875		10
3876		41
3877		11
3878		34
3879		87
3880		72
3881		63
3882		47
3883		81
3884		9
3885		10
3886		7
3887		43
3888		46
3889		88
3890		19
3891		61
3892		39
3893		78
3894		54
3895		35
3896		66
3897		29
3898		59
3899		7
3900		23
3901		44
3902		50
3903		13
3904		21
3905		94
3906		88
3907		25
3908		72
3909		15
3910		28
3911		8
3912		42
3913		24
3914		1
3915		59
3916		26
3917		25
3918		43
3919		69
3920		69
3921		91
3922		19
3923		57
3924		71
3925		61
3926		46
3927		66
3928		6
3929		45
3930		83
3931		71
3932		8
3933		2
3934		28
3935		42
3936		78
3937		73
3938		54
3939		2
3940		33
3941		56
3942		75
3943		5
3944		66
3945		13
3946		49
3947		63
3948		32
3949		24
3950		87
3951		33
3952		76
3953		56
3954		88
3955		91
3956		85
3957		59
3958		81
3959		90
3960		86
3961		96
3962		89
3963		26
3964		7
3965		25
3966		42
3967		9
3968		67
3969		25
3970		9
3971		63
3972		43
3973		21
3974		26
3975		27
3976		90
3977		31
3978		48
3979		80
3980		16
3981		32
3982		74
3983		18
3984		11
3985		35
3986		51
3987		45
3988		18
3989		11
3990		61
3991		26
3992		76
3993		34
3994		88
3995		18
3996		84
3997		21
3998		96
3999		2
4000		83
4001		78
4002		30
4003		49
4004		33
4005		78
4006		57
4007		16
4008		36
4009		87
4010		86
4011		30
4012		54
4013		19
4014		38
4015		33
4016		46
4017		89
4018		100
4019		89
4020		31
4021		56
4022		38
4023		7
4024		17
4025		62
4026		98
4027		2
4028		61
4029		56
4030		100
4031		54
4032		14
4033		37
4034		43
4035		64
4036		7
4037		64
4038		40
4039		27
4040		21
4041		19
4042		74
4043		76
4044		28
4045		91
4046		5
4047		35
4048		78
4049		7
4050		87
4051		47
4052		4
4053		81
4054		89
4055		43
4056		27
4057		12
4058		28
4059		32
4060		74
4061		57
4062		16
4063		70
4064		96
4065		47
4066		61
4067		95
4068		66
4069		5
4070		41
4071		9
4072		48
4073		21
4074		9
4075		88
4076		22
4077		33
4078		23
4079		36
4080		16
4081		23
4082		36
4083		80
4084		31
4085		37
4086		82
4087		90
4088		16
4089		100
4090		36
4091		67
4092		26
4093		75
4094		81
4095		56
4096		56
4097		34
4098		90
4099		92
4100		14
4101		62
4102		24
4103		88
4104		60
4105		38
4106		82
4107		3
4108		35
4109		80
4110		96
4111		31
4112		35
4113		2
4114		50
4115		67
4116		90
4117		75
4118		23
4119		50
4120		73
4121		11
4122		89
4123		50
4124		38
4125		69
4126		68
4127		36
4128		2
4129		32
4130		64
4131		8
4132		97
4133		75
4134		3
4135		32
4136		42
4137		48
4138		98
4139		70
4140		67
4141		5
4142		49
4143		35
4144		32
4145		84
4146		82
4147		49
4148		3
4149		29
4150		91
4151		100
4152		7
4153		35
4154		32
4155		34
4156		15
4157		74
4158		91
4159		97
4160		47
4161		14
4162		14
4163		38
4164		28
4165		66
4166		4
4167		24
4168		45
4169		86
4170		63
4171		31
4172		12
4173		55
4174		48
4175		97
4176		88
4177		87
4178		76
4179		100
4180		97
4181		82
4182		15
4183		64
4184		84
4185		44
4186		56
4187		41
4188		100
4189		84
4190		29
4191		96
4192		58
4193		92
4194		31
4195		100
4196		7
4197		48
4198		69
4199		68
4200		39
4201		92
4202		43
4203		38
4204		39
4205		74
4206		87
4207		43
4208		64
4209		99
4210		93
4211		6
4212		1
4213		26
4214		76
4215		100
4216		31
4217		34
4218		94
4219		13
4220		97
4221		42
4222		4
4223		83
4224		40
4225		3
4226		83
4227		45
4228		5
4229		48
4230		46
4231		78
4232		11
4233		61
4234		3
4235		21
4236		28
4237		91
4238		68
4239		43
4240		36
4241		89
4242		4
4243		2
4244		39
4245		47
4246		32
4247		93
4248		12
4249		18
4250		84
4251		2
4252		26
4253		84
4254		29
4255		71
4256		74
4257		87
4258		12
4259		3
4260		62
4261		20
4262		60
4263		37
4264		10
4265		15
4266		96
4267		60
4268		74
4269		4
4270		79
4271		95
4272		64
4273		89
4274		93
4275		67
4276		48
4277		98
4278		74
4279		47
4280		94
4281		85
4282		65
4283		69
4284		89
4285		72
4286		45
4287		7
4288		52
4289		21
4290		79
4291		81
4292		13
4293		98
4294		41
4295		46
4296		19
4297		82
4298		35
4299		27
4300		79
4301		88
4302		79
4303		95
4304		25
4305		78
4306		88
4307		57
4308		51
4309		43
4310		78
4311		8
4312		99
4313		18
4314		79
4315		97
4316		39
4317		57
4318		81
4319		79
4320		16
4321		46
4322		61
4323		44
4324		25
4325		19
4326		26
4327		90
4328		78
4329		64
4330		18
4331		11
4332		3
4333		74
4334		43
4335		36
4336		51
4337		7
4338		24
4339		7
4340		31
4341		100
4342		86
4343		40
4344		47
4345		30
4346		64
4347		48
4348		94
4349		80
4350		55
4351		3
4352		56
4353		37
4354		45
4355		53
4356		10
4357		56
4358		47
4359		39
4360		60
4361		87
4362		6
4363		62
4364		26
4365		59
4366		43
4367		19
4368		35
4369		57
4370		66
4371		31
4372		67
4373		82
4374		70
4375		64
4376		94
4377		26
4378		13
4379		86
4380		39
4381		9
4382		98
4383		20
4384		59
4385		62
4386		1
4387		30
4388		44
4389		76
4390		70
4391		4
4392		31
4393		17
4394		44
4395		58
4396		5
4397		51
4398		73
4399		14
4400		21
4401		15
4402		26
4403		67
4404		77
4405		32
4406		87
4407		35
4408		25
4409		97
4410		32
4411		48
4412		97
4413		35
4414		53
4415		85
4416		22
4417		90
4418		91
4419		4
4420		98
4421		15
4422		57
4423		28
4424		88
4425		41
4426		80
4427		82
4428		36
4429		48
4430		13
4431		14
4432		22
4433		50
4434		3
4435		63
4436		77
4437		48
4438		67
4439		38
4440		100
4441		72
4442		36
4443		65
4444		93
4445		16
4446		44
4447		30
4448		58
4449		58
4450		80
4451		80
4452		24
4453		40
4454		16
4455		24
4456		70
4457		13
4458		47
4459		55
4460		63
4461		80
4462		5
4463		47
4464		44
4465		1
4466		2
4467		54
4468		83
4469		71
4470		46
4471		10
4472		6
4473		96
4474		37
4475		71
4476		36
4477		80
4478		10
4479		99
4480		51
4481		57
4482		17
4483		76
4484		89
4485		3
4486		91
4487		62
4488		87
4489		53
4490		44
4491		82
4492		90
4493		99
4494		57
4495		28
4496		86
4497		38
4498		64
4499		63
4500		42
4501		76
4502		66
4503		95
4504		73
4505		92
4506		9
4507		95
4508		42
4509		5
4510		99
4511		42
4512		37
4513		99
4514		60
4515		6
4516		74
4517		93
4518		37
4519		91
4520		90
4521		77
4522		38
4523		64
4524		92
4525		18
4526		38
4527		15
4528		43
4529		15
4530		67
4531		35
4532		79
4533		51
4534		2
4535		1
4536		81
4537		29
4538		66
4539		98
4540		91
4541		31
4542		26
4543		29
4544		2
4545		60
4546		63
4547		90
4548		29
4549		5
4550		28
4551		10
4552		36
4553		30
4554		37
4555		39
4556		88
4557		39
4558		83
4559		10
4560		58
4561		47
4562		95
4563		35
4564		36
4565		14
4566		18
4567		12
4568		80
4569		38
4570		15
4571		44
4572		86
4573		20
4574		68
4575		25
4576		54
4577		28
4578		67
4579		47
4580		91
4581		70
4582		31
4583		4
4584		95
4585		41
4586		32
4587		29
4588		25
4589		57
4590		62
4591		8
4592		36
4593		48
4594		45
4595		80
4596		80
4597		42
4598		78
4599		26
4600		3
4601		43
4602		31
4603		27
4604		86
4605		60
4606		58
4607		3
4608		5
4609		90
4610		86
4611		52
4612		23
4613		22
4614		96
4615		100
4616		43
4617		30
4618		90
4619		33
4620		60
4621		9
4622		7
4623		47
4624		18
4625		83
4626		60
4627		53
4628		33
4629		7
4630		80
4631		53
4632		12
4633		45
4634		76
4635		10
4636		81
4637		31
4638		93
4639		22
4640		100
4641		63
4642		4
4643		43
4644		45
4645		25
4646		38
4647		1
4648		72
4649		68
4650		76
4651		78
4652		38
4653		38
4654		15
4655		81
4656		51
4657		44
4658		64
4659		38
4660		38
4661		4
4662		5
4663		19
4664		63
4665		77
4666		82
4667		45
4668		51
4669		84
4670		45
4671		40
4672		85
4673		89
4674		28
4675		22
4676		48
4677		11
4678		47
4679		82
4680		70
4681		67
4682		3
4683		78
4684		55
4685		72
4686		31
4687		35
4688		98
4689		97
4690		96
4691		51
4692		49
4693		7
4694		100
4695		85
4696		46
4697		86
4698		64
4699		9
4700		43
4701		67
4702		78
4703		90
4704		20
4705		23
4706		29
4707		20
4708		31
4709		10
4710		64
4711		84
4712		10
4713		10
4714		31
4715		4
4716		76
4717		27
4718		22
4719		96
4720		4
4721		49
4722		96
4723		9
4724		13
4725		69
4726		73
4727		48
4728		52
4729		95
4730		44
4731		28
4732		22
4733		55
4734		72
4735		28
4736		32
4737		36
4738		43
4739		71
4740		43
4741		76
4742		64
4743		60
4744		3
4745		99
4746		71
4747		52
4748		90
4749		97
4750		71
4751		87
4752		12
4753		86
4754		21
4755		85
4756		50
4757		81
4758		86
4759		50
4760		35
4761		77
4762		33
4763		66
4764		14
4765		65
4766		81
4767		89
4768		94
4769		45
4770		50
4771		17
4772		62
4773		14
4774		75
4775		45
4776		62
4777		62
4778		57
4779		9
4780		79
4781		33
4782		57
4783		84
4784		29
4785		50
4786		84
4787		29
4788		32
4789		93
4790		16
4791		86
4792		46
4793		31
4794		26
4795		26
4796		31
4797		74
4798		11
4799		18
4800		38
4801		62
4802		10
4803		58
4804		61
4805		63
4806		89
4807		84
4808		6
4809		80
4810		90
4811		42
4812		51
4813		79
4814		93
4815		8
4816		12
4817		62
4818		19
4819		75
4820		44
4821		75
4822		1
4823		82
4824		75
4825		95
4826		45
4827		81
4828		54
4829		62
4830		93
4831		99
4832		72
4833		5
4834		61
4835		2
4836		96
4837		87
4838		71
4839		83
4840		38
4841		42
4842		10
4843		78
4844		75
4845		58
4846		95
4847		83
4848		68
4849		16
4850		45
4851		66
4852		81
4853		90
4854		17
4855		28
4856		16
4857		37
4858		43
4859		53
4860		36
4861		53
4862		89
4863		7
4864		88
4865		83
4866		95
4867		69
4868		81
4869		70
4870		94
4871		11
4872		96
4873		53
4874		51
4875		46
4876		82
4877		65
4878		79
4879		4
4880		45
4881		28
4882		90
4883		22
4884		7
4885		55
4886		76
4887		79
4888		14
4889		15
4890		13
4891		5
4892		24
4893		8
4894		98
4895		10
4896		29
4897		94
4898		16
4899		66
4900		32
4901		29
4902		100
4903		76
4904		25
4905		57
4906		49
4907		31
4908		43
4909		12
4910		20
4911		8
4912		3
4913		27
4914		40
4915		10
4916		24
4917		64
4918		10
4919		18
4920		24
4921		5
4922		75
4923		23
4924		97
4925		80
4926		48
4927		45
4928		54
4929		59
4930		55
4931		26
4932		32
4933		11
4934		84
4935		22
4936		11
4937		24
4938		11
4939		52
4940		100
4941		55
4942		91
4943		19
4944		50
4945		31
4946		86
4947		47
4948		34
4949		31
4950		75
4951		82
4952		49
4953		47
4954		75
4955		48
4956		18
4957		6
4958		6
4959		41
4960		79
4961		81
4962		33
4963		55
4964		66
4965		59
4966		78
4967		88
4968		86
4969		70
4970		28
4971		97
4972		37
4973		99
4974		6
4975		57
4976		19
4977		88
4978		23
4979		41
4980		47
4981		62
4982		34
4983		100
4984		18
4985		94
4986		40
4987		62
4988		72
4989		89
4990		24
4991		2
4992		96
4993		99
4994		34
4995		77
4996		74
4997		3
4998		51
4999		74
